10103111
10110659
10132083
10132085
118991
233126
233128
233240
233296
233322
233881
233989
234125
234131
234143
234149
234154
234155
234158
234159
234161
234163
234173
234178
234185
234186
234187
234189
234247
234248
234262
234281
234292
234296
234325
234334
234341
234358
234360
234369
234383
234384
234385
234386
234387
234389
234390
234395
234399
234403
234417
234423
234426
234428
234429
234430
234433
234434
234435
234436
234447
234467
234477
234507
234600
234601
234621
234792
250012
251546
251769
252037
253491
269838